========================================
  FILESMITH REPORT: CHECKERBOARD TEST 
========================================

Created At:   2026-05-16 10:04 PM
Dimensions:   16 x 16 pixels

--- DESCRIPTION ---
A simple checkerboard image generated by FileSmith.

--- GENERATED FILE MANIFEST ---
- exports\checkerboard_ascii.ppm
- exports\checkerboard_binary.ppm
- exports\checkerboard.svg
- exports\checkerboard.bmp
- exports\checkerboard.txt
- exports\checkerboard_report.txt
- exports\checkerboard_report.txt (This Report File)

--- RAW PIXEL GRID MAP ---
(255,255,255) (255,255,255) (255,255,255) (255,255,255) (0,0,0) (0,0,0) (0,0,0) (0,0,0) (255,255,255) (255,255,255) (255,255,255) (255,255,255) (0,0,0) (0,0,0) (0,0,0) (0,0,0)
(255,255,255) (255,255,255) (255,255,255) (255,255,255) (0,0,0) (0,0,0) (0,0,0) (0,0,0) (255,255,255) (255,255,255) (255,255,255) (255,255,255) (0,0,0) (0,0,0) (0,0,0) (0,0,0)
(255,255,255) (255,255,255) (255,255,255) (255,255,255) (0,0,0) (0,0,0) (0,0,0) (0,0,0) (255,255,255) (255,255,255) (255,255,255) (255,255,255) (0,0,0) (0,0,0) (0,0,0) (0,0,0)
(255,255,255) (255,255,255) (255,255,255) (255,255,255) (0,0,0) (0,0,0) (0,0,0) (0,0,0) (255,255,255) (255,255,255) (255,255,255) (255,255,255) (0,0,0) (0,0,0) (0,0,0) (0,0,0)
(0,0,0) (0,0,0) (0,0,0) (0,0,0) (255,255,255) (255,255,255) (255,255,255) (255,255,255) (0,0,0) (0,0,0) (0,0,0) (0,0,0) (255,255,255) (255,255,255) (255,255,255) (255,255,255)
(0,0,0) (0,0,0) (0,0,0) (0,0,0) (255,255,255) (255,255,255) (255,255,255) (255,255,255) (0,0,0) (0,0,0) (0,0,0) (0,0,0) (255,255,255) (255,255,255) (255,255,255) (255,255,255)
(0,0,0) (0,0,0) (0,0,0) (0,0,0) (255,255,255) (255,255,255) (255,255,255) (255,255,255) (0,0,0) (0,0,0) (0,0,0) (0,0,0) (255,255,255) (255,255,255) (255,255,255) (255,255,255)
(0,0,0) (0,0,0) (0,0,0) (0,0,0) (255,255,255) (255,255,255) (255,255,255) (255,255,255) (0,0,0) (0,0,0) (0,0,0) (0,0,0) (255,255,255) (255,255,255) (255,255,255) (255,255,255)
(255,255,255) (255,255,255) (255,255,255) (255,255,255) (0,0,0) (0,0,0) (0,0,0) (0,0,0) (255,255,255) (255,255,255) (255,255,255) (255,255,255) (0,0,0) (0,0,0) (0,0,0) (0,0,0)
(255,255,255) (255,255,255) (255,255,255) (255,255,255) (0,0,0) (0,0,0) (0,0,0) (0,0,0) (255,255,255) (255,255,255) (255,255,255) (255,255,255) (0,0,0) (0,0,0) (0,0,0) (0,0,0)
(255,255,255) (255,255,255) (255,255,255) (255,255,255) (0,0,0) (0,0,0) (0,0,0) (0,0,0) (255,255,255) (255,255,255) (255,255,255) (255,255,255) (0,0,0) (0,0,0) (0,0,0) (0,0,0)
(255,255,255) (255,255,255) (255,255,255) (255,255,255) (0,0,0) (0,0,0) (0,0,0) (0,0,0) (255,255,255) (255,255,255) (255,255,255) (255,255,255) (0,0,0) (0,0,0) (0,0,0) (0,0,0)
(0,0,0) (0,0,0) (0,0,0) (0,0,0) (255,255,255) (255,255,255) (255,255,255) (255,255,255) (0,0,0) (0,0,0) (0,0,0) (0,0,0) (255,255,255) (255,255,255) (255,255,255) (255,255,255)
(0,0,0) (0,0,0) (0,0,0) (0,0,0) (255,255,255) (255,255,255) (255,255,255) (255,255,255) (0,0,0) (0,0,0) (0,0,0) (0,0,0) (255,255,255) (255,255,255) (255,255,255) (255,255,255)
(0,0,0) (0,0,0) (0,0,0) (0,0,0) (255,255,255) (255,255,255) (255,255,255) (255,255,255) (0,0,0) (0,0,0) (0,0,0) (0,0,0) (255,255,255) (255,255,255) (255,255,255) (255,255,255)
(0,0,0) (0,0,0) (0,0,0) (0,0,0) (255,255,255) (255,255,255) (255,255,255) (255,255,255) (0,0,0) (0,0,0) (0,0,0) (0,0,0) (255,255,255) (255,255,255) (255,255,255) (255,255,255)

========================================
Report compiled successfully.
