========================================
  FILESMITH REPORT: GRADIENT TEST 
========================================

Created At:   2026-05-16 10:07 PM
Dimensions:   16 x 16 pixels

--- DESCRIPTION ---
A simple gradient image generated by FileSmith.

--- GENERATED FILE MANIFEST ---
- exports\gradient_ascii.ppm
- exports\gradient_binary.ppm
- exports\gradient.svg
- exports\gradient.bmp
- exports\gradient.txt
- exports\gradient_report.txt
- exports\gradient_report.txt (This Report File)

--- RAW PIXEL GRID MAP ---
(255,255,255) (255,255,255) (255,255,255) (255,255,255) (255,255,255) (255,255,255) (255,255,255) (255,255,255) (255,255,255) (255,255,255) (255,255,255) (255,255,255) (255,255,255) (255,255,255) (255,255,255) (255,255,255)
(238,238,238) (238,238,238) (238,238,238) (238,238,238) (238,238,238) (238,238,238) (238,238,238) (238,238,238) (238,238,238) (238,238,238) (238,238,238) (238,238,238) (238,238,238) (238,238,238) (238,238,238) (238,238,238)
(221,221,221) (221,221,221) (221,221,221) (221,221,221) (221,221,221) (221,221,221) (221,221,221) (221,221,221) (221,221,221) (221,221,221) (221,221,221) (221,221,221) (221,221,221) (221,221,221) (221,221,221) (221,221,221)
(204,204,204) (204,204,204) (204,204,204) (204,204,204) (204,204,204) (204,204,204) (204,204,204) (204,204,204) (204,204,204) (204,204,204) (204,204,204) (204,204,204) (204,204,204) (204,204,204) (204,204,204) (204,204,204)
(187,187,187) (187,187,187) (187,187,187) (187,187,187) (187,187,187) (187,187,187) (187,187,187) (187,187,187) (187,187,187) (187,187,187) (187,187,187) (187,187,187) (187,187,187) (187,187,187) (187,187,187) (187,187,187)
(170,170,170) (170,170,170) (170,170,170) (170,170,170) (170,170,170) (170,170,170) (170,170,170) (170,170,170) (170,170,170) (170,170,170) (170,170,170) (170,170,170) (170,170,170) (170,170,170) (170,170,170) (170,170,170)
(153,153,153) (153,153,153) (153,153,153) (153,153,153) (153,153,153) (153,153,153) (153,153,153) (153,153,153) (153,153,153) (153,153,153) (153,153,153) (153,153,153) (153,153,153) (153,153,153) (153,153,153) (153,153,153)
(136,136,136) (136,136,136) (136,136,136) (136,136,136) (136,136,136) (136,136,136) (136,136,136) (136,136,136) (136,136,136) (136,136,136) (136,136,136) (136,136,136) (136,136,136) (136,136,136) (136,136,136) (136,136,136)
(119,119,119) (119,119,119) (119,119,119) (119,119,119) (119,119,119) (119,119,119) (119,119,119) (119,119,119) (119,119,119) (119,119,119) (119,119,119) (119,119,119) (119,119,119) (119,119,119) (119,119,119) (119,119,119)
(102,102,102) (102,102,102) (102,102,102) (102,102,102) (102,102,102) (102,102,102) (102,102,102) (102,102,102) (102,102,102) (102,102,102) (102,102,102) (102,102,102) (102,102,102) (102,102,102) (102,102,102) (102,102,102)
(85,85,85) (85,85,85) (85,85,85) (85,85,85) (85,85,85) (85,85,85) (85,85,85) (85,85,85) (85,85,85) (85,85,85) (85,85,85) (85,85,85) (85,85,85) (85,85,85) (85,85,85) (85,85,85)
(68,68,68) (68,68,68) (68,68,68) (68,68,68) (68,68,68) (68,68,68) (68,68,68) (68,68,68) (68,68,68) (68,68,68) (68,68,68) (68,68,68) (68,68,68) (68,68,68) (68,68,68) (68,68,68)
(51,51,51) (51,51,51) (51,51,51) (51,51,51) (51,51,51) (51,51,51) (51,51,51) (51,51,51) (51,51,51) (51,51,51) (51,51,51) (51,51,51) (51,51,51) (51,51,51) (51,51,51) (51,51,51)
(34,34,34) (34,34,34) (34,34,34) (34,34,34) (34,34,34) (34,34,34) (34,34,34) (34,34,34) (34,34,34) (34,34,34) (34,34,34) (34,34,34) (34,34,34) (34,34,34) (34,34,34) (34,34,34)
(17,17,17) (17,17,17) (17,17,17) (17,17,17) (17,17,17) (17,17,17) (17,17,17) (17,17,17) (17,17,17) (17,17,17) (17,17,17) (17,17,17) (17,17,17) (17,17,17) (17,17,17) (17,17,17)
(0,0,0) (0,0,0) (0,0,0) (0,0,0) (0,0,0) (0,0,0) (0,0,0) (0,0,0) (0,0,0) (0,0,0) (0,0,0) (0,0,0) (0,0,0) (0,0,0) (0,0,0) (0,0,0)

========================================
Report compiled successfully.
