========================================
  FILESMITH REPORT: STRIPES TEST 
========================================

Created At:   2026-05-16 10:06 PM
Dimensions:   16 x 16 pixels

--- DESCRIPTION ---
A simple stripes image generated by FileSmith.

--- GENERATED FILE MANIFEST ---
- exports\stripes_ascii.ppm
- exports\stripes_binary.ppm
- exports\stripes.svg
- exports\stripes.bmp
- exports\stripes.txt
- exports\stripes_report.txt
- exports\stripes_report.txt (This Report File)

--- RAW PIXEL GRID MAP ---
(255,255,255) (255,255,255) (255,255,255) (255,255,255) (0,0,0) (0,0,0) (0,0,0) (0,0,0) (255,255,255) (255,255,255) (255,255,255) (255,255,255) (0,0,0) (0,0,0) (0,0,0) (0,0,0)
(255,255,255) (255,255,255) (255,255,255) (255,255,255) (0,0,0) (0,0,0) (0,0,0) (0,0,0) (255,255,255) (255,255,255) (255,255,255) (255,255,255) (0,0,0) (0,0,0) (0,0,0) (0,0,0)
(255,255,255) (255,255,255) (255,255,255) (255,255,255) (0,0,0) (0,0,0) (0,0,0) (0,0,0) (255,255,255) (255,255,255) (255,255,255) (255,255,255) (0,0,0) (0,0,0) (0,0,0) (0,0,0)
(255,255,255) (255,255,255) (255,255,255) (255,255,255) (0,0,0) (0,0,0) (0,0,0) (0,0,0) (255,255,255) (255,255,255) (255,255,255) (255,255,255) (0,0,0) (0,0,0) (0,0,0) (0,0,0)
(255,255,255) (255,255,255) (255,255,255) (255,255,255) (0,0,0) (0,0,0) (0,0,0) (0,0,0) (255,255,255) (255,255,255) (255,255,255) (255,255,255) (0,0,0) (0,0,0) (0,0,0) (0,0,0)
(255,255,255) (255,255,255) (255,255,255) (255,255,255) (0,0,0) (0,0,0) (0,0,0) (0,0,0) (255,255,255) (255,255,255) (255,255,255) (255,255,255) (0,0,0) (0,0,0) (0,0,0) (0,0,0)
(255,255,255) (255,255,255) (255,255,255) (255,255,255) (0,0,0) (0,0,0) (0,0,0) (0,0,0) (255,255,255) (255,255,255) (255,255,255) (255,255,255) (0,0,0) (0,0,0) (0,0,0) (0,0,0)
(255,255,255) (255,255,255) (255,255,255) (255,255,255) (0,0,0) (0,0,0) (0,0,0) (0,0,0) (255,255,255) (255,255,255) (255,255,255) (255,255,255) (0,0,0) (0,0,0) (0,0,0) (0,0,0)
(255,255,255) (255,255,255) (255,255,255) (255,255,255) (0,0,0) (0,0,0) (0,0,0) (0,0,0) (255,255,255) (255,255,255) (255,255,255) (255,255,255) (0,0,0) (0,0,0) (0,0,0) (0,0,0)
(255,255,255) (255,255,255) (255,255,255) (255,255,255) (0,0,0) (0,0,0) (0,0,0) (0,0,0) (255,255,255) (255,255,255) (255,255,255) (255,255,255) (0,0,0) (0,0,0) (0,0,0) (0,0,0)
(255,255,255) (255,255,255) (255,255,255) (255,255,255) (0,0,0) (0,0,0) (0,0,0) (0,0,0) (255,255,255) (255,255,255) (255,255,255) (255,255,255) (0,0,0) (0,0,0) (0,0,0) (0,0,0)
(255,255,255) (255,255,255) (255,255,255) (255,255,255) (0,0,0) (0,0,0) (0,0,0) (0,0,0) (255,255,255) (255,255,255) (255,255,255) (255,255,255) (0,0,0) (0,0,0) (0,0,0) (0,0,0)
(255,255,255) (255,255,255) (255,255,255) (255,255,255) (0,0,0) (0,0,0) (0,0,0) (0,0,0) (255,255,255) (255,255,255) (255,255,255) (255,255,255) (0,0,0) (0,0,0) (0,0,0) (0,0,0)
(255,255,255) (255,255,255) (255,255,255) (255,255,255) (0,0,0) (0,0,0) (0,0,0) (0,0,0) (255,255,255) (255,255,255) (255,255,255) (255,255,255) (0,0,0) (0,0,0) (0,0,0) (0,0,0)
(255,255,255) (255,255,255) (255,255,255) (255,255,255) (0,0,0) (0,0,0) (0,0,0) (0,0,0) (255,255,255) (255,255,255) (255,255,255) (255,255,255) (0,0,0) (0,0,0) (0,0,0) (0,0,0)
(255,255,255) (255,255,255) (255,255,255) (255,255,255) (0,0,0) (0,0,0) (0,0,0) (0,0,0) (255,255,255) (255,255,255) (255,255,255) (255,255,255) (0,0,0) (0,0,0) (0,0,0) (0,0,0)

========================================
Report compiled successfully.
